0.883023 0.374019 0.283514
0.731580 0.542952 0.412304
0.530259 0.675095 0.512906
0.292785 0.761366 0.578445
0.035348 0.795868 0.604437
-0.224498 0.776254 0.589093
-0.469038 0.703875 0.533445
-0.681597 0.583700 0.441271
-0.847685 0.423993 0.318841
0.888715 0.422357 -0.178325
0.799708 0.598814 -0.043457
0.656217 0.751048 0.072841
0.468017 0.868624 0.162645
0.247928 0.943506 0.219836
0.010947 0.970583 0.240518
-0.226781 0.948006 0.223280
-0.449058 0.877317 0.169298
-0.640739 0.763340 0.082251
-0.788767 0.613862 -0.031932
-0.883056 0.439125 -0.165469
0.851068 0.418484 0.317102
0.686266 0.579037 0.440176
0.474670 0.700296 0.533173
0.230708 0.773918 0.589766
-0.028986 0.794852 0.606111
-0.286703 0.761652 0.581109
-0.524870 0.676580 0.516480
-0.727249 0.545449 0.416646
-0.880041 0.377274 0.288432
0.645856 0.277363 0.711295
0.455351 0.392265 0.799240
0.233835 0.464248 0.854281
-0.003606 0.488302 0.872667
-0.240801 0.462767 0.853148
-0.461597 0.389407 0.797051
-0.650957 0.273327 0.708200
